   0.0000E+00  2.2081E-01  2.6647E-25  0.0000E+00 -1.1533E-24  2.2081E-01
   5.2865E-02  2.1871E-01  1.3969E-07  9.7131E-04  2.3692E-07  2.1771E-01
   2.1145E-01  2.1338E-01  9.0456E-06  3.6472E-03  1.5192E-05  2.0973E-01
   4.7570E-01  2.0605E-01  1.0494E-04  7.3860E-03  1.7381E-04  1.9840E-01
   8.4556E-01  1.9794E-01  6.0206E-04  1.1338E-02  9.7660E-04  1.8503E-01
   1.3209E+00  1.8982E-01  2.3354E-03  1.4705E-02  3.6367E-03  1.6916E-01
   1.9017E+00  1.8143E-01  6.9917E-03  1.6953E-02  1.0033E-02  1.4748E-01
   2.5876E+00  1.7187E-01  1.7217E-02  1.7913E-02  2.1377E-02  1.1540E-01
   3.3786E+00  1.6065E-01  3.6034E-02  1.7723E-02  3.5728E-02  7.1184E-02
   4.2745E+00  1.4879E-01  6.5303E-02  1.6669E-02  4.6876E-02  1.9920E-02
   5.2749E+00  1.3861E-01  1.0382E-01  1.5040E-02  4.7118E-02 -2.7437E-02
   6.3796E+00  1.3216E-01  1.4658E-01  1.3024E-02  3.2688E-02 -6.0237E-02
   7.5884E+00  1.2964E-01  1.8615E-01  1.0739E-02  6.8152E-03 -7.4250E-02
   8.9008E+00  1.2951E-01  2.1568E-01  8.2879E-03 -2.2442E-02 -7.2372E-02
   1.0317E+01  1.2971E-01  2.3144E-01  5.7993E-03 -4.6876E-02 -6.1176E-02
   1.1835E+01  1.2875E-01  2.3342E-01  3.3879E-03 -6.1678E-02 -4.6919E-02
   1.3457E+01  1.2610E-01  2.2432E-01  1.2005E-03 -6.6274E-02 -3.3545E-02
   1.5180E+01  1.2190E-01  2.0792E-01 -6.0943E-04 -6.3036E-02 -2.2612E-02
   1.7005E+01  1.1655E-01  1.8778E-01 -1.8840E-03 -5.5087E-02 -1.4424E-02
   1.8932E+01  1.1045E-01  1.6664E-01 -2.5526E-03 -4.5165E-02 -8.6049E-03
   2.0959E+01  1.0398E-01  1.4628E-01 -2.5909E-03 -3.5211E-02 -4.5835E-03
   2.3086E+01  9.7353E-02  1.2768E-01 -2.1478E-03 -2.6089E-02 -1.9407E-03
   2.5312E+01  9.0624E-02  1.1118E-01 -1.4885E-03 -1.8032E-02 -5.3338E-04
   2.7638E+01  8.4007E-02  9.6842E-02 -8.3982E-04 -1.1365E-02  1.8736E-04
   3.0062E+01  7.7799E-02  8.4614E-02 -3.0734E-04 -6.4641E-03  8.5394E-04
   3.2583E+01  7.2001E-02  7.4295E-02  2.0377E-05 -2.9761E-03  1.4615E-03
   3.5202E+01  6.6546E-02  6.5655E-02  1.8688E-04 -3.6884E-04  1.6969E-03
   3.7917E+01  6.1524E-02  5.8489E-02  3.7887E-04  1.2979E-03  1.6437E-03
   4.0727E+01  5.6902E-02  5.2490E-02  6.0627E-04  2.1110E-03  1.4704E-03
   4.3633E+01  5.2625E-02  4.7362E-02  8.0722E-04  2.6826E-03  1.2164E-03
   4.6632E+01  4.8696E-02  4.2956E-02  8.2778E-04  3.2668E-03  9.4331E-04
   4.9725E+01  4.5161E-02  3.9160E-02  7.2817E-04  3.7662E-03  8.2320E-04
   5.2910E+01  4.2001E-02  3.5917E-02  5.0945E-04  3.9503E-03  7.2104E-04
   5.6186E+01  3.9146E-02  3.3205E-02  2.5686E-04  4.2192E-03  4.7794E-04
   5.9554E+01  3.6561E-02  3.0992E-02  9.2215E-05  4.5849E-03  3.0996E-04
   6.3011E+01  3.4219E-02  2.9157E-02  1.0335E-04  4.7814E-03  2.5761E-04
   6.6557E+01  3.2079E-02  2.7532E-02  1.5572E-04  4.6242E-03  2.8252E-04
   7.0191E+01  3.0074E-02  2.6055E-02  1.8597E-04  4.2313E-03  2.6761E-04
   7.3911E+01  2.8242E-02  2.4702E-02  1.4126E-04  3.7735E-03  2.7090E-04
   7.7718E+01  2.6557E-02  2.3437E-02 -5.7064E-05  3.4424E-03  2.3326E-04
   8.1610E+01  2.4993E-02  2.2190E-02 -2.4869E-04  3.1266E-03  1.8367E-04
   8.5585E+01  2.3546E-02  2.0976E-02 -3.4347E-04  2.9017E-03  1.4036E-04 
   8.9644E+01  2.2253E-02  1.9862E-02 -3.7743E-04  2.8677E-03  1.3351E-04 
   9.3784E+01  2.1056E-02  1.8885E-02 -4.0262E-04  2.6480E-03  1.8699E-04 
   9.8004E+01  1.9946E-02  1.8066E-02 -4.3764E-04  2.3822E-03  1.5201E-04
   1.0230E+02  1.8926E-02  1.7377E-02 -4.3651E-04  1.7879E-03  1.0657E-04
   1.0668E+02  1.7984E-02  1.6712E-02 -3.6116E-04  1.0287E-03  1.1892E-04 
   1.1114E+02  1.7107E-02  1.6077E-02 -3.1756E-04  3.8851E-04  1.5626E-04 
   1.1567E+02  1.6249E-02  1.5366E-02 -3.1399E-04  1.4531E-04  1.0997E-04 
   1.2028E+02  1.5421E-02  1.4605E-02 -4.2985E-04  3.7022E-04  3.8683E-05 
   1.2496E+02  1.4646E-02  1.3859E-02 -6.0796E-04  8.3526E-04  3.0048E-06 
   1.2971E+02  1.3922E-02  1.3183E-02 -7.5184E-04  1.3234E-03 -1.7041E-05 
   1.3453E+02  1.3239E-02  1.2597E-02 -8.1136E-04  1.6372E-03 -2.3166E-05 
   1.3943E+02  1.2617E-02  1.2071E-02 -7.7950E-04  1.6001E-03  3.6159E-05 
   1.4439E+02  1.2005E-02  1.1491E-02 -7.9291E-04  1.3584E-03  1.1245E-04 
   1.4942E+02  1.1400E-02  1.0843E-02 -8.4900E-04  1.1179E-03  7.4079E-05 
   1.5451E+02  1.0835E-02  1.0231E-02 -8.5666E-04  1.0951E-03  5.6449E-06
   1.5967E+02  1.0302E-02  9.7200E-03 -8.2503E-04  1.0984E-03 -8.1052E-06
   1.6489E+02  9.7868E-03  9.2366E-03 -7.4843E-04  1.1042E-03 -2.6689E-05 
   1.7017E+02  9.3378E-03  8.7686E-03 -6.9700E-04  1.0591E-03 -5.0310E-06 
   1.7552E+02  8.9447E-03  8.3829E-03 -6.1305E-04  9.7572E-04  1.7190E-05 
   1.8092E+02  8.5783E-03  8.0935E-03 -5.8655E-04  8.2918E-04  1.8248E-05 
   1.8638E+02  8.2226E-03  7.8341E-03 -4.7458E-04  6.5052E-04  2.3215E-05 
   1.9189E+02  7.8534E-03  7.5482E-03 -3.4570E-04  4.7452E-04  7.9623E-07 
   1.9746E+02  7.5094E-03  7.2144E-03 -1.6459E-04  3.7979E-04  7.8558E-06 
   2.0308E+02  7.1861E-03  6.8330E-03 -8.5004E-05  1.4508E-04  3.1064E-05 
   2.0876E+02  6.8554E-03  6.4402E-03 -5.2405E-05  2.9892E-05  1.0990E-05 
   2.1448E+02  6.5435E-03  6.0704E-03 -4.7525E-05  1.2320E-04  2.5657E-05 
   2.2025E+02  6.2500E-03  5.6954E-03 -5.5769E-05  3.0273E-04  2.6994E-05
   2.2607E+02  5.9704E-03  5.3196E-03 -8.5285E-05  5.4343E-04 -3.4996E-06 
   2.3194E+02  5.7061E-03  4.9604E-03 -1.2953E-04  7.6458E-04 -1.8785E-05 
   2.3784E+02  5.4699E-03  4.6210E-03 -1.6336E-04  8.1589E-04  1.7898E-05 
   2.4379E+02  5.2461E-03  4.3113E-03 -2.5542E-04  8.0629E-04  4.7793E-05 
   2.4978E+02  5.0131E-03  4.0136E-03 -3.5757E-04  9.1971E-04  4.0273E-05 
   2.5581E+02  4.7845E-03  3.7254E-03 -4.8085E-04  1.1874E-03  1.7722E-05 
   2.6188E+02  4.5912E-03  3.4572E-03 -5.5009E-04  1.3757E-03  3.8109E-05 
   2.6798E+02  4.3999E-03  3.1834E-03 -6.2732E-04  1.4158E-03  3.4697E-05 
   2.7412E+02  4.2109E-03  2.9098E-03 -6.7276E-04  1.5542E-03  2.3183E-05 
   2.8028E+02  4.0366E-03  2.6465E-03 -7.6936E-04  1.7437E-03  1.6116E-05 
   2.8648E+02  3.8717E-03  2.4006E-03 -8.4164E-04  2.0106E-03 -1.1274E-06 
   2.9271E+02  3.7239E-03  2.1765E-03 -9.1546E-04  2.2478E-03  6.4398E-06 
   2.9897E+02  3.5997E-03  1.9681E-03 -8.9497E-04  2.3300E-03  4.8530E-05 
   3.0525E+02  3.4734E-03  1.7668E-03 -8.7950E-04  2.3276E-03  5.9012E-05 
   3.1155E+02  3.3534E-03  1.5785E-03 -8.2563E-04  2.3826E-03  3.6101E-05 
   3.1788E+02  3.2439E-03  1.3951E-03 -7.6627E-04  2.4384E-03  1.4197E-05 
   3.2423E+02  3.1484E-03  1.2172E-03 -6.4212E-04  2.4391E-03  1.9754E-05 
   3.3059E+02  3.0619E-03  1.0415E-03 -4.9822E-04  2.3863E-03  2.6734E-05 
   3.3698E+02  2.9824E-03  8.6710E-04 -3.1587E-04  2.3621E-03  3.6467E-05 
   3.4338E+02  2.9119E-03  7.0290E-04 -1.4916E-04  2.3286E-03  6.4154E-05 
   3.4979E+02  2.8385E-03  5.5210E-04 -2.5422E-05  2.2900E-03  6.8834E-05 
   3.5621E+02  2.7793E-03  4.1552E-04  2.9378E-05  2.2677E-03  7.2155E-05 
   3.6265E+02  2.7350E-03  2.9369E-04  5.8896E-05  2.2323E-03  8.2563E-05 
   3.6909E+02  2.6987E-03  1.9045E-04  8.4837E-05  2.2306E-03  6.9879E-05 
   3.7555E+02  2.6771E-03  1.0748E-04  1.1356E-04  2.2842E-03  6.7733E-05 
   3.8200E+02  2.6620E-03  4.6238E-05  1.2470E-04  2.3396E-03  6.2693E-05
   3.8846E+02  2.6540E-03  8.7302E-06  1.2622E-04  2.3398E-03  5.4601E-05 
   3.9492E+02  2.6552E-03 -4.3040E-06  1.2720E-04  2.3028E-03  6.3926E-05 
