 4.6633E-22  
 4.4002E-04  
 7.0191E-03  
 3.5385E-02  
 1.1127E-01  
 2.6984E-01  
 5.5343E-01  
 1.0046E+00  
 1.6514E+00  
 2.4887E+00  
 3.4647E+00 
 4.4874E+00 
 5.4503E+00 
 6.2635E+00 
 6.8735E+00 
 7.2665E+00 
 7.4582E+00 
 7.4806E+00 
 7.3711E+00 
 7.1658E+00 
 6.8963E+00 
 6.5889E+00 
 6.2630E+00 
 5.9314E+00 
 5.6022E+00 
 5.2835E+00 
 4.9832E+00 
 4.7056E+00  
 4.4531E+00  
 4.2265E+00 
 4.0243E+00  
 3.8433E+00  
 3.6810E+00  
 3.5354E+00  
 3.4029E+00  
 3.2794E+00  
 3.1634E+00  
 3.0559E+00  
 2.9580E+00  
 2.8706E+00  
 2.7927E+00  
 2.7223E+00  
 2.6570E+00  
 2.5955E+00  
 2.5374E+00  
 2.4821E+00  
 2.4306E+00  
 2.3824E+00  
 2.3372E+00  
 2.2937E+00  
 2.2514E+00  
 2.2105E+00 
 2.1709E+00 
 2.1324E+00 
 2.0957E+00 
 2.0627E+00 
 2.0320E+00 
 2.0006E+00 
 1.9667E+00 
 1.9297E+00 
 1.8906E+00 
 1.8508E+00  
 1.8105E+00  
 1.7703E+00  
 1.7301E+00  
 1.6904E+00  
 1.6518E+00  
 1.6133E+00  
 1.5743E+00  
 1.5347E+00  
 1.4943E+00  
 1.4538E+00  
 1.4149E+00  
 1.3778E+00  
 1.3419E+00  
 1.3058E+00  
 1.2692E+00  
 1.2319E+00
 1.1942E+00 
 1.1561E+00 
 1.1168E+00 
 1.0764E+00 
 1.0369E+00 
 9.9789E-01 
 9.5807E-01 
 9.1703E-01 
 8.7592E-01 
 8.3609E-01 
 7.9861E-01 
 7.6468E-01 
 7.3476E-01 
 7.0978E-01 
 6.9058E-01 
 6.7655E-01 
 6.6719E-01 
 6.6193E-01 
 6.6017E-01 
