4.2121E-11 
5.2634E-02 
2.1048E-01 
4.7335E-01 
8.4089E-01 
1.3123E+00 
1.8856E+00 
2.5566E+00 
3.3169E+00 
4.1522E+00 
5.0414E+00 
5.9581E+00 
6.8732E+00 
7.7596E+00  
8.5955E+00  
9.3663E+00  
1.0065E+01  
1.0689E+01  
1.1244E+01  
1.1733E+01  
1.2165E+01  
1.2547E+01  
1.2885E+01  
1.3187E+01  
1.3456E+01  
1.3699E+01 
1.3921E+01 
1.4123E+01 
1.4311E+01 
1.4485E+01 
1.4649E+01 
1.4803E+01 
1.4948E+01 
1.5088E+01 
1.5221E+01 
1.5352E+01  
1.5479E+01  
1.5604E+01  
1.5727E+01  
1.5848E+01  
1.5966E+01  
1.6082E+01  
1.6195E+01  
1.6306E+01  
1.6416E+01  
1.6524E+01  
1.6632E+01  
1.6739E+01  
1.6844E+01  
1.6948E+01 
1.7049E+01 
1.7148E+01 
1.7245E+01 
1.7342E+01  
1.7437E+01  
1.7531E+01  
1.7622E+01  
1.7711E+01  
1.7799E+01  
1.7885E+01  
1.7971E+01  
1.8056E+01  
1.8141E+01  
1.8226E+01  
1.8311E+01  
1.8395E+01  
1.8478E+01  
1.8558E+01  
1.8638E+01  
1.8715E+01  
1.8790E+01  
1.8863E+01  
1.8934E+01  
1.9003E+01  
1.9071E+01  
1.9137E+01  
1.9200E+01  
1.9262E+01  
1.9321E+01 
1.9378E+01 
1.9433E+01 
1.9486E+01 
1.9538E+01 
1.9587E+01 
1.9635E+01 
1.9681E+01
1.9725E+01
1.9766E+01 
1.9804E+01 
1.9838E+01 
1.9869E+01 
1.9896E+01 
1.9918E+01 
1.9935E+01 
1.9948E+01 
1.9956E+01 
1.9959E+01  
