 -2.6757E-25
 -1.4030E-07
 -9.0885E-06
 -1.0552E-04
 -6.0625E-04
 -2.3586E-03
 -7.1058E-03
 -1.7720E-02
 -3.7953E-02
 -7.1468E-02
 -1.2040E-01
 -1.8416E-01
 -2.5931E-01
 -3.4046E-01
 -4.2181E-01
 -4.9851E-01
 -5.6736E-01
 -6.2676E-01
 -6.7642E-01
 -7.1688E-01
 -7.4914E-01
 -7.7438E-01
 -7.9377E-01
 -8.0820E-01
 -8.1836E-01
 -8.2499E-01
 -8.2878E-01
 -8.3026E-01
 -8.3000E-01
 -8.2838E-01
 -8.2550E-01
 -8.2139E-01
 -8.1605E-01
 -8.0947E-01
 -8.0169E-01
 -7.9291E-01
 -7.8334E-01
 -7.7337E-01
 -7.6360E-01
 -7.5417E-01
 -7.4487E-01
 -7.3556E-01
 -7.2615E-01
 -7.1668E-01
 -7.0718E-01
 -6.9747E-01
 -6.8801E-01
 -6.7897E-01
 -6.7034E-01
 -6.6182E-01
 -6.5287E-01
 -6.4291E-01
 -6.3169E-01
 -6.1955E-01
 -6.0693E-01
 -5.9445E-01
 -5.8233E-01
 -5.7013E-01
 -5.5748E-01
 -5.4439E-01
 -5.3110E-01
 -5.1780E-01
 -5.0444E-01
 -4.9094E-01
 -4.7715E-01
 -4.6320E-01
 -4.4940E-01
 -4.3572E-01
 -4.2188E-01
 -4.0787E-01
 -3.9389E-01
 -3.7996E-01
 -3.6613E-01
 -3.5229E-01
 -3.3832E-01
 -3.2400E-01
 -3.0958E-01
 -2.9515E-01
 -2.8053E-01
 -2.6576E-01
 -2.5070E-01
 -2.3530E-01
 -2.1973E-01
 -2.0408E-01
 -1.8828E-01
 -1.7243E-01
 -1.5658E-01
 -1.4081E-01
 -1.2504E-01
 -1.0927E-01
 -9.3590E-02
 -7.7950E-02
 -6.2255E-02
 -4.6498E-02
 -3.0831E-02
 -1.5344E-02
  0.0000E+00
