 6.2646E-25 
 1.0046E-09 
 2.4493E-07 
 5.7991E-06 
 5.1945E-05 
 2.6982E-04 
 9.8460E-04 
 2.8007E-03 
 6.6184E-03 
 1.3558E-02 
 2.4817E-02 
 4.1505E-02 
 6.4511E-02 
 9.4403E-02  
 1.3137E-01  
 1.7518E-01  
 2.2519E-01  
 2.8042E-01  
 3.3959E-01  
 4.0130E-01  
 4.6414E-01  
 5.2672E-01  
 5.8781E-01  
 6.4635E-01  
 7.0149E-01  
 7.5251E-01  
 7.9892E-01  
 8.4051E-01  
 8.7716E-01  
 9.0881E-01  
 9.3561E-01  
 9.5785E-01  
 9.7587E-01  
 9.8994E-01  
 1.0003E+00  
 1.0072E+00  
 1.0109E+00  
 1.0115E+00  
 1.0095E+00 
 1.0055E+00 
 9.9974E-01  
 9.9280E-01  
 9.8513E-01  
 9.7707E-01  
 9.6857E-01  
 9.5939E-01  
 9.4929E-01  
 9.3811E-01  
 9.2581E-01  
 9.1270E-01  
 8.9920E-01  
 8.8560E-01  
 8.7201E-01  
 8.5844E-01  
 8.4469E-01  
 8.3036E-01  
 8.1526E-01  
 7.9963E-01  
 7.8397E-01  
 7.6889E-01  
 7.5466E-01  
 7.4111E-01  
 7.2797E-01  
 7.1500E-01  
 7.0205E-01  
 6.8889E-01  
 6.7529E-01 
 6.6139E-01 
 6.4732E-01 
 6.3312E-01 
 6.1897E-01 
 6.0510E-01 
 5.9141E-01 
 5.7767E-01 
 5.6385E-01 
 5.5025E-01 
 5.3709E-01 
 5.2449E-01 
 5.1259E-01 
 5.0162E-01 
 4.9198E-01 
 4.8392E-01 
 4.7736E-01 
 4.7202E-01 
 4.6758E-01 
 4.6380E-01
 4.6053E-01  
 4.5766E-01  
 4.5531E-01  
 4.5361E-01  
 4.5260E-01  
 4.5211E-01  
 4.5190E-01  
 4.5183E-01  
 4.5185E-01  
 4.5190E-01  
 4.5193E-01 
