 5.0450E-25 
 1.7395E-04 
 2.6752E-03 
 1.2702E-02 
 3.6768E-02
 8.0401E-02 
 1.4628E-01 
 2.3340E-01 
 3.3747E-01 
 4.5240E-01 
 5.7205E-01 
 6.9170E-01 
 8.0852E-01 
 9.2120E-01 
 1.0291E+00 
 1.1316E+00 
 1.2275E+00 
 1.3152E+00 
 1.3936E+00 
 1.4618E+00 
 1.5195E+00 
 1.5669E+00 
 1.6053E+00 
 1.6358E+00 
 1.6593E+00 
 1.6770E+00 
 1.6906E+00 
 1.7016E+00 
 1.7101E+00 
 1.7148E+00 
 1.7153E+00 
 1.7117E+00 
 1.7053E+00 
 1.6967E+00 
 1.6857E+00 
 1.6731E+00 
 1.6596E+00 
 1.6447E+00 
 1.6272E+00 
 1.6064E+00 
 1.5821E+00 
 1.5549E+00 
 1.5259E+00 
 1.4961E+00 
 1.4678E+00 
 1.4410E+00 
 1.4141E+00 
 1.3880E+00 
 1.3647E+00 
 1.3437E+00 
 1.3225E+00 
 1.2990E+00
 1.2721E+00 
 1.2423E+00 
 1.2116E+00 
 1.1818E+00 
 1.1530E+00 
 1.1252E+00 
 1.0985E+00 
 1.0721E+00 
 1.0458E+00 
 1.0196E+00 
 9.9364E-01 
 9.6790E-01 
 9.4153E-01 
 9.1484E-01 
 8.8832E-01 
 8.6235E-01 
 8.3802E-01 
 8.1535E-01 
 7.9270E-01 
 7.6834E-01 
 7.4287E-01 
 7.1828E-01 
 6.9491E-01 
 6.7262E-01 
 6.5269E-01 
 6.3500E-01
 6.1848E-01
 6.0224E-01 
 5.8573E-01 
 5.6909E-01 
 5.5346E-01 
 5.4031E-01 
 5.2975E-01 
 5.2091E-01 
 5.1309E-01 
 5.0561E-01 
 4.9829E-01 
 4.9175E-01 
 4.8611E-01 
 4.8099E-01 
 4.7642E-01 
 4.7243E-01 
 4.6930E-01 
 4.6720E-01 
 4.6636E-01 
