 0.0000E+00 
 1.3386E-04 
 5.3541E-04 
 1.2045E-03 
 2.1411E-03 
 3.3448E-03 
 4.8153E-03 
 6.5522E-03 
 8.5551E-03 
 1.0823E-02 
 1.3357E-02 
 1.6154E-02 
 1.9215E-02 
 2.2538E-02 
 2.6123E-02 
 2.9969E-02 
 3.4074E-02 
 3.8438E-02 
 4.3060E-02
 4.7937E-02  
 5.3070E-02  
 5.8456E-02  
 6.4094E-02  
 6.9983E-02  
 7.6120E-02  
 8.2506E-02  
 8.9136E-02  
 9.6011E-02  
 1.0313E-01  
 1.1048E-01  
 1.1808E-01  
 1.2591E-01  
 1.3397E-01  
 1.4227E-01  
 1.5080E-01  
 1.5955E-01  
 1.6853E-01  
 1.7773E-01  
 1.8715E-01  
 1.9679E-01  
 2.0665E-01  
 2.1671E-01  
 2.2699E-01  
 2.3747E-01  
 2.4816E-01 
 2.5905E-01 
 2.7014E-01 
 2.8142E-01 
 2.9289E-01 
 3.0456E-01  
 3.1641E-01  
 3.2844E-01  
 3.4065E-01  
 3.5304E-01  
 3.6561E-01  
 3.7834E-01  
 3.9124E-01  
 4.0430E-01  
 4.1752E-01  
 4.3090E-01  
 4.4443E-01  
 4.5811E-01  
 4.7193E-01  
 4.8590E-01  
 5.0000E-01  
 5.1424E-01  
 5.2860E-01  
 5.4310E-01  
 5.5771E-01  
 5.7244E-01  
 5.8729E-01 
 6.0225E-01 
 6.1732E-01 
 6.3248E-01 
 6.4775E-01 
 6.6311E-01 
 6.7856E-01 
 6.9410E-01 
 7.0972E-01 
 7.2541E-01 
 7.4118E-01 
 7.5702E-01 
 7.7292E-01 
 7.8889E-01 
 8.0491E-01 
 8.2098E-01 
 8.3710E-01 
 8.5327E-01 
 8.6947E-01 
 8.8571E-01
 9.0198E-01
 9.1828E-01 
 9.3460E-01  
 9.5093E-01  
 9.6728E-01  
 9.8364E-01  
 1.0000E+00  
